.Random.seed <-
c(403L, 12L, 1124684265L, 589538075L, 791227690L, -432396724L, 
-1944337905L, -173689531L, -1712548100L, -251695790L, -1756282163L, 
114530951L, 788856174L, -1308248248L, 586388299L, 1156790953L, 
-2125574152L, -1338532058L, 2064474177L, 185717203L, 1030437762L, 
814190516L, -1476753609L, 1478909485L, -129593532L, 353340522L, 
-1867581739L, 2101829743L, -644357770L, 423422624L, -1820403869L, 
67501057L, 1716332400L, 1444769550L, 1263307129L, 1640414475L, 
-417184198L, 1892654396L, 1363710591L, 888609237L, 1662769132L, 
-1095538366L, 1462171293L, -509484265L, 847917694L, -1119206856L, 
19797275L, 233693817L, 1518214856L, 228906742L, 1517322033L, 
1534228323L, 1545989426L, 1007619716L, 1923082951L, -859240035L, 
521706772L, -1067387974L, -1601989115L, -599238689L, -701976986L, 
-1701479952L, -612346093L, -834496335L, -1174221984L, 1461467390L, 
-47093623L, 494073787L, 1438806410L, 381935724L, -990543377L, 
729979429L, 1111535324L, 1270187186L, 26445741L, -497042585L, 
-1993172850L, -1986374296L, -242907797L, -32807159L, 1255250328L, 
-131989306L, -1008590303L, 521710259L, -1167435742L, -619126252L, 
-311826793L, -948668275L, -1802592860L, -1559961718L, -245134347L, 
1881563727L, -2020453034L, 1074597888L, -279334589L, 890535137L, 
-479373744L, -660411730L, -1962660263L, 1074034283L, 821607386L, 
917163164L, -2119203169L, -602714891L, -1515655796L, 293517410L, 
-866592707L, 204939959L, -412685986L, 566702232L, -2085405701L, 
1517005209L, -1172907480L, 1974500054L, -1208471727L, -1866567165L, 
-2037971566L, -1456618716L, -1155754521L, -1081974211L, -1793008460L, 
1343691546L, -1236455323L, -703923969L, -949814906L, 1732284176L, 
-688350285L, -481486767L, -642249728L, -994456354L, 1192238889L, 
339067611L, 1099626986L, -481148532L, 2101700303L, -1791985019L, 
1113133372L, -709968878L, 24220429L, 24010823L, -1493069266L, 
-2105123960L, -1139870069L, -1686271895L, 1303647288L, -213986074L, 
1059445889L, -992871405L, 666180546L, -1784339340L, -348546441L, 
-2849939L, -1804479484L, -1473949910L, 1759431829L, 2045774639L, 
-50111946L, -1843421600L, -1203946333L, -579528767L, 1468507056L, 
1485424334L, 2024444985L, -2129532341L, -648626182L, 931486460L, 
1475473215L, -1557495787L, -1208511700L, -1231046654L, -599424291L, 
2076305879L, -700832578L, 313695992L, 1128582363L, 1833094969L, 
1752001160L, -359182794L, -314687887L, 1889246371L, -1666542094L, 
641963332L, -357804537L, 200430557L, 104086740L, 1469768698L, 
-1269427387L, -1898117217L, -300282586L, -479308368L, -244232621L, 
993298801L, 547283104L, -739594178L, 65853257L, -96682501L, -15441462L, 
-415264980L, -1681264849L, 509009381L, -1135779684L, -1031027470L, 
-2146353811L, 278006439L, -2119588658L, -512980440L, 966154795L, 
1235169353L, -704581288L, -1893816314L, 206232033L, 1961698163L, 
133642210L, -2067161260L, 1647661655L, -1087618483L, 1973528036L, 
-1639219254L, 1399341621L, -132626289L, 1977006486L, 348161344L, 
1072715779L, -1816573407L, 187927824L, 1885405934L, -1975361895L, 
-1983652053L, -2093016550L, -1921474468L, 1458956754L, -15824384L, 
-254213804L, 1458173160L, -1694274310L, 781072080L, -297788116L, 
114854132L, 1526728082L, -1231865504L, -9103348L, -794956064L, 
63359586L, 745660072L, -832686516L, -1549476996L, 1281512754L, 
-29204880L, 178195268L, 2007012312L, 1435643770L, 903418416L, 
1292061628L, 965845588L, 1795050562L, 304937120L, 1531032252L, 
964861392L, 39155554L, -810339608L, 1999836364L, -1207448068L, 
1642822130L, 42636928L, 561530356L, -1757224312L, 233404218L, 
-839082160L, -1919345556L, -1743819372L, -1308517294L, -154932768L, 
-1772292916L, -2025308000L, 2134223234L, -1132644120L, 609661676L, 
-919489220L, 697629810L, -946641808L, 684829732L, -860028872L, 
-782804198L, -764420912L, -1699935428L, 480245652L, -1915531390L, 
518792640L, -1046531524L, 2053958032L, -1074517470L, 1811614984L, 
1946606220L, 943769372L, 263037074L, -945544832L, 2093580820L, 
238404392L, 1439630906L, -361068080L, 79254892L, -581868620L, 
-1673147374L, 1519235552L, -937442356L, 1070514400L, -1270982622L, 
-1277498072L, -1605405172L, 261157692L, 1419838450L, 434585328L, 
-1543472572L, 1793023576L, -1949191366L, 441795056L, -564633924L, 
1051856148L, 2044100290L, 501080160L, 18548604L, 1661934544L, 
149490978L, 236709544L, -139637876L, 1238916284L, 426997554L, 
-1723428288L, 1475086516L, 426650184L, -594334278L, 1907208720L, 
166477548L, 1911070036L, 242918674L, 837835168L, 644775628L, 
324695648L, 2071159746L, 1852162856L, 137796524L, 1361010492L, 
-1329156750L, 471539504L, -1138776796L, 211651384L, -812335398L, 
71693200L, 1626569468L, 1317311380L, -1093746622L, 1252671744L, 
30159932L, 1890530640L, -759312222L, 1078525256L, -419333364L, 
-368413988L, 297075026L, -317603712L, -846545836L, -1573721112L, 
-47004422L, -150184112L, -1639370964L, -2041565836L, 1244385170L, 
1050262624L, -387218036L, 155368288L, -365730334L, -9182296L, 
-1848348468L, -1572275204L, -1050553934L, -793043472L, -63098940L, 
1631084888L, -51837574L, 861138864L, -1800088132L, -1310845868L, 
634611650L, 1708697632L, -515528516L, 198612560L, -1490440222L, 
-416077720L, 1833689164L, -280144644L, -1885767694L, 1904196864L, 
933778804L, -1281488888L, -1609944134L, 1929504208L, -1918349332L, 
2115743124L, 1909397970L, 1327096160L, 1577966412L, -349927136L, 
2011260802L, -1136703768L, -1026297620L, 262236220L, 1701842802L, 
1381359216L, 1660296228L, 1964771128L, 748131482L, -1579506992L, 
705349820L, 1689622164L, -1765491070L, 1661864128L, -1509630148L, 
1637871760L, 1362736674L, -508314616L, -1136829172L, -289268580L, 
-2010762734L, 778158976L, -1617857004L, 2101098024L, 1483775290L, 
2072614352L, -1943768980L, 979641652L, 1697071762L, 665556832L, 
-1494937780L, -355004448L, 729664418L, 2104617896L, -866150004L, 
-1996438340L, 1163538802L, -1283723024L, -1606467516L, -114717352L, 
-1661476294L, -757751952L, -112759748L, -3831020L, -1364503102L, 
-806988064L, 1684616060L, -1432677680L, -361294686L, -1314232280L, 
1120340236L, 439948220L, -1174321870L, 1962279360L, -1129178444L, 
-1438635323L, -195957745L, 812895368L, 1385381286L, 1506932051L, 
1707773621L, 209806354L, 1868568032L, -403998647L, -1018438021L, 
804636492L, -1357507878L, -1578133809L, 1408202393L, 2141104814L, 
-1653811268L, -1359146963L, -609660969L, -849467872L, 1972488062L, 
-605443765L, 572689229L, -2134263430L, 1183980472L, -1817304735L, 
440462611L, -1827441356L, 224010050L, -909230249L, -759198047L, 
-1959731354L, -1024747164L, -1128219499L, 1368569279L, -550659752L, 
-410527882L, -750131837L, -1070211131L, 1469375714L, -533208752L, 
440107129L, -1819114581L, 1639360796L, -1181131190L, -1395869121L, 
-799838583L, -327083362L, -1247500468L, -685555939L, -2022474073L, 
-563055152L, -1567167122L, 701464603L, -1282346627L, 1609820010L, 
754672136L, 1696286385L, 73285923L, 206230052L, 2037889234L, 
1472131367L, 377486193L, -1753683530L, 557777236L, -133267483L, 
-2076681745L, -1424482008L, 865024390L, -1528552013L, -332109547L, 
-1293345934L, -1331415104L, 310376489L, 1939158171L, 2113032556L, 
124934522L, 828062383L, -1708592711L, 128121806L, 1901658908L, 
-1263576435L, 937526007L, 1409230336L, 1257799774L, 920656683L, 
446470189L, 2092974234L, 67781720L, -901168191L, 112241779L, 
-681159276L, 1662348322L, -186979529L, 615296513L, 1656438534L, 
19485508L, -156588427L, -1333856289L, -1978283208L, 853949718L, 
1494475043L, 843852517L, -1182506238L, 1244817776L, -676511463L, 
1862951179L, -2071084548L, 698358314L, -1138120097L, 1594898921L, 
-1027034370L, 181271276L, 1982089789L, 1353837063L, 763772400L, 
1875684750L, 1530213307L, 35810717L, -1141443766L, 124667752L, 
1428105553L, 297962051L, -935022780L, 338609138L, 1200609735L, 
6770577L, 992605974L, -794410124L, -458425851L, -618255793L, 
939558472L, -227907610L, 1177069843L, -327076235L, 553159762L, 
-1903868256L, -2045353079L, 878395323L, 867401740L, 1618226586L, 
778063119L, -30010535L, 1274277358L, -1034696580L, 311221485L, 
-224142441L, 1935967328L, 971744830L, 268267275L, 968332685L, 
